#print prime numbers from 1 to 50
i=1
n=2
m=3
k=5
l=7
h=11
while i<=50:
    if ((i%n !=0) and (i%m !=0) and (i%k !=0) and (i%l !=0) and (i%h !=0)):
        print(i)
    i+=1
    
    output 1 13 17 19 23 29 31 37 41 43 47 
    
    #print prime numbers from 1 to 50
    for n in range(1,50):
    for i in range(2,n):
        if n%i == 0:
            break
        else:
            print(n, end=",")
          
         output  3,5,5,5,7,7,7,7,7,9,11,11,11,11,11,11,11,11,11,13,13,13,13,13,13,13,13,13,13,13,15,17,17,17,17,17,17,17,17,17,17,17,17,17,17,17,19,19,19,19,19,19,19,19,19,19,19,
         19,19,19,19,19,19,21,23,23,23,23,23,23,23,23,23,23,23,23,23,23,23,23,23,23,23,23,23,25,25,25,27,29,29,29,29,29,29,29,29,29,29,29,29,29,29,29,29,29,29,29,29,29,29,29,29,
         29,29,29,31,31,31,31,31,31,31,31,31,31,31,31,31,31,31,31,31,31,31,31,31,31,31,31,31,31,31,31,31,33,35,35,35,37,37,37,37,37,37,37,37,37,37,37,37,37,37,37,37,37,37,37,37,
         37,37,37,37,37,37,37,37,37,37,37,37,37,37,37,39,41,41,41,41,41,41,41,41,41,41,41,41,41,41,41,41,41,41,41,41,41,41,41,41,41,41,41,41,41,41,41,41,41,41,41,41,41,41,41,43,
         43,43,43,43,43,43,43,43,43,43,43,43,43,43,43,43,43,43,43,43,43,43,43,43,43,43,43,43,43,43,43,43,43,43,43,43,43,
         43,43,43,45,47,47,47,47,47,47,47,47,47,47,47,47,47,47,47,47,47,47,47,47,47,47,47,47,47,47,47,47,47,47,47,47,47,47,47,47,47,47,47,47,47,47,47,47,47,49,49,49,49,49,
